0.531441 0 0 0 
0 0.531441 0 0 
0 0 0.531441 0 
0 0 0 1 

100


0.325665 0.0839444 0.411491 0 
0.0550536 0.507689 -0.14714 0 
-0.416342 0.132794 0.302414 0 
0 0 0 1 

100


0.779435 0.200909 0.984847 0 
0.131763 1.21508 -0.352159 0 
-0.996458 0.317825 0.723786 0 
0 0 0 1 

100


0.828655 -0.227773 0.937687 -0.669635 
0.946496 -0.0487388 -0.848278 0.145563 
0.187838 1.25042 0.137742 0.264497 
0 0 0 1 

100


0.124281 0.00299662 -1.26584 -0.431433 
1.05187 -0.707847 0.101598 -0.142191 
-0.704219 -1.05676 -0.0716425 -0.183526 
0 0 0 1 

100


0.0351005 0.000846335 -0.35751 1.27815 
0.29708 -0.199917 0.0286942 0.834841 
-0.198892 -0.298461 -0.020234 -0.051833 
0 0 0 1 

100


-0.0271247 0.348293 -0.08368 -0.189414 
0.245918 0.079125 0.24962 -0.349953 
0.260452 -0.0384363 -0.244405 1.47478 
0 0 0 1 

100


-0.120027 0.451943 -0.596429 0.0138519 
0.299832 0.582491 0.381042 0.186621 
0.685625 -0.175612 -0.271047 0.630243 
0 0 0 1 

100


0.0527244 0.00405063 -0.0129609 -0.00146803 
-0.00278573 0.0540873 0.00557156 -0.00484061 
0.0132902 -0.00473234 0.0525854 0.00222493 
0 0 0 1 

100


0.0872673 0.00982669 -0.0972443 -0.00551136 
-0.00178162 0.130503 0.0115887 -0.011805 
0.0977232 -0.00639601 0.0870506 0.00267079 
0 0 0 1 

100


